1415882920; 0; 3780
1415882920; 0; 3780
1415882920; 0; 3781
1415882920; 0; 3780
1415882920; 0; 3780
1415882920; 0; 3779
1415882920; 0; 3780
1415882920; 0; 3780
1415882920; 0; 3780
1415882920; 0; 3780
1415882920; 0; 3780
1415882920; 0; 3781
1415882920; 0; 3779
1415882920; 0; 3779
1415882920; 0; 3781
1415882920; 0; 3781
1415882920; 0; 3780
1415882921; 0; 3780
1415882921; 0; 3780
1415882921; 0; 3780
1415882921; 0; 3781
1415882921; 0; 3781
1415882921; 0; 3779
1415882921; 0; 3780
1415882921; 0; 3780
1415882921; 0; 3780
1415882921; 0; 3780
1415882921; 0; 3779
1415882921; 0; 3780
1415882921; 0; 3781
1415882921; 0; 3781
1415882921; 0; 3780
1415882921; 0; 3781
1415882921; 0; 3780
1415882921; 0; 3780
1415882921; 0; 3781
1415882921; 0; 3781
1415882921; 0; 3780
1415882921; 0; 3781
1415882921; 0; 3779
1415882921; 0; 3780
1415882921; 0; 3784
1415882922; 0; 3780
1415882922; 0; 3780
1415882922; 0; 3780
1415882922; 0; 3780
1415882922; 0; 3781
1415882922; 0; 3780
1415882922; 0; 3780
1415882922; 0; 3780
1415882922; 0; 3780
1415882922; 0; 3781
1415882922; 0; 3781
1415882922; 0; 3780
1415882922; 0; 3780
1415882922; 0; 3780
1415882922; 0; 3781
1415882922; 0; 3781
1415882922; 0; 3781
1415882922; 0; 3779
1415882922; 0; 3780
1415882922; 0; 3783
1415882922; 0; 3780
1415882922; 0; 3782
1415882922; 0; 3781
1415882922; 0; 3780
1415882922; 0; 3781
1415882923; 0; 3780
1415882923; 0; 3780
1415882923; 0; 3781
1415882923; 0; 3781
1415882923; 0; 3781
1415882923; 0; 3780
1415882923; 0; 3780
1415882923; 0; 3779
1415882923; 0; 3780
1415882923; 0; 3780
1415882923; 0; 3780
1415882923; 0; 3781
1415882923; 0; 3780
1415882923; 0; 3781
1415882923; 0; 3779
1415882923; 0; 3780
1415882923; 0; 3780
1415882923; 0; 3780
1415882923; 0; 3781
1415882923; 0; 3780
1415882923; 0; 3781
1415882923; 0; 3780
1415882923; 0; 3780
1415882923; 0; 3780
1415882923; 0; 3780
1415882924; 0; 3781
1415882924; 0; 3780
1415882924; 0; 3781
1415882924; 0; 3781
1415882924; 0; 3780
1415882924; 0; 3780
1415882924; 0; 3781
1415882924; 0; 3781
1415882924; 0; 3781
1415882924; 0; 3780
1415882924; 0; 3780
1415882924; 0; 3781
1415882924; 0; 3781
1415882924; 0; 3780
1415882924; 0; 3780
1415882924; 0; 3780
1415882924; 0; 3780
1415882924; 0; 3780
1415882924; 0; 3780
1415882924; 0; 3781
1415882924; 0; 3781
1415882924; 0; 3780
1415882924; 0; 3780
1415882924; 0; 3780
1415882924; 0; 3780
1415882925; 0; 3781
1415882925; 0; 3781
1415882925; 0; 3780
1415882925; 0; 3783
1415882925; 0; 3780
1415882925; 0; 3781
1415882925; 0; 3781
1415882925; 0; 3780
1415882925; 0; 3781
1415882925; 0; 3781
1415882925; 0; 3782
1415882925; 0; 3781
1415882925; 0; 3780
1415882925; 0; 3780
1415882925; 0; 3781
1415882925; 0; 3781
1415882925; 0; 3781
1415882925; 0; 3780
1415882925; 0; 3780
1415882925; 0; 3780
1415882925; 0; 3781
1415882925; 0; 3780
1415882925; 0; 3782
1415882925; 0; 3780
1415882925; 0; 3780
1415882926; 0; 3781
1415882926; 0; 3781
1415882926; 0; 3780
1415882926; 0; 3781
1415882926; 0; 3781
1415882926; 0; 3781
1415882926; 0; 3780
1415882926; 0; 3780
1415882926; 0; 3781
1415882926; 0; 3780
1415882926; 0; 3779
1415882926; 0; 3780
1415882926; 0; 3780
1415882926; 0; 3780
1415882926; 0; 3780
1415882926; 0; 3780
1415882926; 0; 3780
1415882926; 0; 3781
1415882926; 0; 3779
1415882926; 0; 3779
1415882926; 0; 3781
1415882926; 0; 3780
1415882926; 0; 3781
1415882926; 0; 3780
1415882926; 0; 3780
1415882927; 0; 3780
1415882927; 0; 3781
1415882927; 0; 3780
1415882927; 0; 3780
1415882927; 0; 3781
1415882927; 0; 3784
1415882927; 0; 3780
1415882927; 0; 3780
1415882927; 0; 3781
1415882927; 0; 3780
1415882927; 0; 3780
1415882927; 0; 3780
1415882927; 0; 3781
1415882927; 0; 3783
1415882927; 0; 3780
1415882927; 0; 3781
1415882927; 0; 3780
1415882927; 0; 3780
1415882927; 0; 3780
1415882927; 0; 3780
1415882927; 0; 3781
1415882927; 0; 3779
1415882927; 0; 3780
1415882927; 0; 3780
1415882927; 0; 3780
1415882928; 0; 3780
1415882928; 0; 3780
1415882928; 0; 3781
1415882928; 0; 3780
1415882928; 0; 3780
1415882928; 0; 3780
1415882928; 0; 3780
1415882928; 0; 3780
1415882928; 0; 3780
1415882928; 0; 3781
1415882928; 0; 3780
1415882928; 0; 3780
1415882928; 0; 3780
1415882928; 0; 3779
1415882928; 0; 3781
1415882928; 0; 3780
1415882928; 0; 3780
1415882928; 0; 3780
1415882928; 0; 3781
1415882928; 0; 3780
1415882928; 0; 3781
1415882928; 0; 3781
1415882928; 0; 3781
1415882928; 0; 3780
1415882928; 0; 3781
1415882929; 0; 3781
1415882929; 0; 3781
1415882929; 0; 3781
1415882929; 0; 3780
1415882929; 0; 3781
1415882929; 0; 3780
1415882929; 0; 3781
1415882929; 0; 3780
1415882929; 0; 3780
1415882929; 0; 3781
1415882929; 0; 3780
1415882929; 0; 3780
1415882929; 0; 3780
1415882929; 0; 3783
1415882929; 0; 3780
1415882929; 0; 3780
1415882929; 0; 3781
1415882929; 0; 3780
1415882929; 0; 3779
1415882929; 0; 3780
1415882929; 0; 3778
1415882929; 0; 3779
1415882929; 0; 3780
1415882929; 0; 3781
1415882929; 0; 3780
1415882930; 0; 3781
1415882930; 0; 3780
1415882930; 0; 3780
1415882930; 0; 3781
1415882930; 0; 3780
1415882930; 0; 3780
1415882930; 0; 3779
1415882930; 0; 3781
1415882930; 0; 3781
1415882930; 0; 3781
1415882930; 0; 3780
1415882930; 0; 3781
1415882930; 0; 3780
1415882930; 0; 3780
1415882930; 0; 3780
1415882930; 0; 3780
1415882930; 0; 3780
1415882930; 0; 3780
1415882930; 0; 3781
1415882930; 0; 3779
1415882930; 0; 3780
1415882930; 0; 3780
1415882930; 0; 3779
1415882930; 0; 3781
1415882930; 0; 3780
1415882931; 0; 3780
1415882931; 0; 3780
1415882931; 0; 3780
1415882931; 0; 3780
1415882931; 0; 3779
1415882931; 0; 3780
1415882931; 0; 3781
1415882931; 0; 3779
1415882931; 0; 3780
1415882931; 0; 3780
1415882931; 0; 3781
1415882931; 0; 3779
1415882931; 0; 3780
1415882931; 0; 3780
1415882931; 0; 3780
1415882931; 0; 3781
1415882931; 0; 3779
1415882931; 0; 3780
1415882931; 0; 3780
1415882931; 0; 3779
1415882931; 0; 3781
1415882931; 0; 3780
1415882931; 0; 3781
1415882931; 0; 3779
1415882931; 0; 3780
1415882932; 0; 3780
1415882932; 0; 3781
1415882932; 0; 3780
1415882932; 0; 3780
1415882932; 0; 3780
1415882932; 0; 3782
1415882932; 0; 3781
1415882932; 0; 3780
1415882932; 0; 3780
1415882932; 0; 3780
1415882932; 0; 3780
1415882932; 0; 3781
1415882932; 0; 3780
1415882932; 0; 3780
1415882932; 0; 3780
1415882932; 0; 3779
1415882932; 0; 3780
1415882932; 0; 3780
1415882932; 0; 3780
1415882932; 0; 3780
1415882932; 0; 3781
1415882932; 0; 3780
1415882932; 0; 3780
1415882932; 0; 3780
1415882932; 0; 3780
1415882933; 0; 3781
1415882933; 0; 3780
1415882933; 0; 3781
1415882933; 0; 3781
1415882933; 0; 3779
1415882933; 0; 3779
1415882933; 0; 3780
1415882933; 0; 3779
1415882933; 0; 3779
1415882933; 0; 3780
1415882933; 0; 3780
1415882933; 0; 3780
1415882933; 0; 3779
1415882933; 0; 3780
1415882933; 0; 3779
1415882933; 0; 3780
1415882933; 0; 3780
1415882933; 0; 3780
1415882933; 0; 3783
1415882933; 0; 3781
1415882933; 0; 3779
1415882933; 0; 3779
1415882933; 0; 3781
1415882933; 0; 3779
1415882933; 0; 3780
1415882934; 0; 3780
1415882934; 0; 3778
1415882934; 0; 3781
1415882934; 0; 3780
1415882934; 0; 3779
1415882934; 0; 3781
1415882934; 0; 3780
1415882934; 0; 3779
1415882934; 0; 3780
1415882934; 0; 3780
1415882934; 0; 3780
1415882934; 0; 3780
1415882934; 0; 3780
1415882934; 0; 3779
1415882934; 0; 3779
1415882934; 0; 3783
1415882934; 0; 3781
1415882934; 0; 3781
1415882934; 0; 3781
1415882934; 0; 3781
1415882934; 0; 3783
1415882934; 0; 3779
1415882934; 0; 3779
1415882934; 0; 3780
1415882934; 0; 3781
1415882935; 0; 3780
1415882935; 0; 3069
1415882935; 0; 3063
1415882935; 0; 3051
1415882935; 0; 3089
1415882935; 1; 3345
1415882935; 1; 3407
1415882935; 1; 3040
1415882935; 1; 3099
1415882935; 1; 3046
1415882935; 1; 3645
1415882935; 1; 3780
1415882935; 1; 3779
1415882935; 1; 3780
1415882935; 0; 3779
1415882935; 0; 3779
1415882935; 0; 3780
1415882935; 0; 3780
1415882935; 0; 3780
1415882935; 0; 3779
1415882935; 0; 3780
1415882935; 0; 3781
1415882935; 0; 3780
1415882935; 0; 3780
1415882935; 0; 3780
1415882936; 0; 3780
1415882936; 0; 3780
1415882936; 0; 3780
1415882936; 0; 3780
1415882936; 0; 3779
1415882936; 0; 3780
1415882936; 0; 3780
1415882936; 0; 3780
1415882936; 0; 3780
1415882936; 0; 3780
1415882936; 0; 3780
1415882936; 0; 3780
1415882936; 0; 3781
1415882936; 0; 3781
1415882936; 0; 3777
1415882936; 0; 3780
1415882936; 0; 3779
1415882936; 0; 3779
1415882936; 0; 3780
1415882936; 0; 3779
1415882936; 0; 3779
1415882936; 0; 3781
1415882936; 0; 3779
1415882936; 0; 3779
1415882936; 0; 3780
1415882937; 0; 3779
1415882937; 0; 3778
1415882937; 0; 3780
1415882937; 0; 3780
1415882937; 0; 3779
1415882937; 0; 3779
1415882937; 0; 3779
1415882937; 0; 3780
1415882937; 0; 3778
1415882937; 0; 3779
1415882937; 0; 3780
1415882937; 0; 3779
1415882937; 0; 3778
1415882937; 0; 3778
1415882937; 0; 3779
1415882937; 0; 3779
1415882937; 0; 3779
1415882937; 0; 3779
1415882937; 0; 3778
1415882937; 0; 3779
1415882937; 0; 3779
1415882937; 0; 3778
1415882937; 0; 3779
1415882937; 0; 3779
1415882937; 0; 3778
1415882938; 0; 3779
1415882938; 0; 3779
1415882938; 0; 3779
1415882938; 0; 3778
1415882938; 0; 3778
1415882938; 0; 3778
1415882938; 0; 3780
1415882938; 0; 3780
1415882938; 0; 3779
1415882938; 0; 3780
1415882938; 0; 3779
1415882938; 0; 3778
1415882938; 0; 3779
1415882938; 0; 3780
1415882938; 0; 3777
1415882938; 0; 3779
1415882938; 0; 3779
1415882938; 0; 3779
1415882938; 0; 3779
1415882938; 0; 3779
1415882938; 0; 3779
1415882938; 0; 3780
1415882938; 0; 3780
1415882938; 0; 3780
1415882938; 0; 3781
1415882939; 0; 3780
1415882939; 0; 3779
1415882939; 0; 3780
1415882939; 0; 3781
1415882939; 0; 3780
1415882939; 0; 3781
1415882939; 0; 3780
1415882939; 0; 3781
1415882939; 0; 3780
1415882939; 0; 3781
1415882939; 0; 3780
1415882939; 0; 3780
1415882939; 0; 3781
1415882939; 0; 3780
1415882939; 0; 3780
1415882939; 0; 3781
1415882939; 0; 3780
1415882939; 0; 3781
1415882939; 0; 3780
1415882939; 0; 3780
1415882939; 0; 3780
1415882939; 0; 3780
1415882939; 0; 3781
1415882939; 0; 3781
1415882939; 0; 3781
1415882940; 0; 3781
1415882940; 0; 3780
1415882940; 0; 3780
1415882940; 0; 3780
1415882940; 0; 3781
1415882940; 0; 3780
1415882940; 0; 3780
1415882940; 0; 3781
1415882940; 0; 3780
1415882940; 0; 3781
1415882940; 0; 3781
1415882940; 0; 3780
1415882940; 0; 3782
1415882940; 0; 3780
1415882940; 0; 3781
1415882940; 0; 3782
1415882940; 0; 3780
1415882940; 0; 3781
1415882940; 0; 3781
1415882940; 0; 3781
1415882940; 0; 3781
1415882940; 0; 3782
1415882940; 0; 3780
1415882940; 0; 3780
1415882940; 0; 3780
1415882941; 0; 3780
1415882941; 0; 3781
